block_seq_num,block_var_num,block_route_num,block_run_num
6009442,1,599,1
6009444,1,599,2
6009446,1,599,8
6009447,1,599,4
6009448,1,599,9
6009449,1,599,5
6009450,1,599,10
6009451,1,599,12
6009452,1,599,3
6009453,1,599,11
6009454,1,599,7
6009457,1,599,12
6009458,1,599,8
6009459,1,599,41
6009460,1,599,52
6009461,1,599,2
6009462,1,599,10
6009463,1,599,4
6009464,1,599,5
6009465,1,599,1
6009466,1,599,42
6009467,1,599,51
6009468,1,599,3
6009469,1,599,6
6009470,1,599,7
6009474,1,599,8
6009475,1,599,2
6009476,1,599,4
6009477,1,599,10
6009478,1,599,5
6009479,1,599,6
6009480,1,599,3
6009481,1,599,11
6009727,1,599,6
6009728,1,599,7
6009827,1,599,12
6009828,1,599,1
6009829,1,599,9
6010969,1,599,11
6010970,1,599,9
6015494,1,40,5
6015495,1,40,4
6015496,1,40,9
6015497,1,40,8
6015498,1,40,11
6015499,1,40,13
6015500,1,5,2
6015501,1,5,3
6015502,1,5,4
6015503,1,5,5
6015504,1,5,6
6015505,1,5,7
6015506,1,5,8
6015507,1,5,9
6015508,1,5,11
6015509,1,5,19
6015510,1,60,1
6015511,1,60,4
6015512,1,60,5
6015513,1,106,1
6015514,1,106,2
6015515,1,106,3
6015516,1,106,4
6015517,1,106,5
6015518,1,106,6
6015519,1,106,7
6015520,1,106,8
6015521,1,106,9
6015522,1,106,10
6015523,1,106,11
6015524,1,5,1
6015525,1,11,1
6015526,1,11,2
6015527,1,5,13
6015528,1,5,14
6015529,1,40,7
6015530,1,40,10
6015531,1,40,6
6015532,1,40,2
6015533,1,40,1
6015534,1,60,6
6015535,1,40,3
6015536,1,5,18
6015537,1,5,15
6015538,1,5,10
6015539,1,5,12
6015540,1,5,17
6015541,1,40,19
6015542,1,40,12
6015543,1,40,18
6015544,1,40,15
6015545,1,11,6
6015546,1,40,17
6015547,1,5,16
6015548,1,40,16
6015549,1,40,14
6015550,1,40,20
6015551,1,674,1
6015552,1,674,2
6015553,1,674,3
6015554,1,674,4
6015555,1,674,6
6015556,1,674,8
6015557,1,674,7
6015558,1,675,1
6015559,1,675,2
6015560,1,675,3
6015561,1,675,5
6015562,1,675,6
6015563,1,675,7
6015564,1,675,9
6015565,1,675,10
6015566,1,675,22
6015567,1,675,14
6015568,1,675,13
6015569,1,675,18
6015570,1,675,19
6015571,1,674,14
6015572,1,674,13
6015573,1,675,21
6015574,1,675,20
6015575,1,675,15
6015576,1,675,16
6015577,1,675,4
6015578,1,675,8
6015579,1,675,11
6015580,1,675,12
6015581,1,675,17
6015582,1,674,5
6015583,1,674,9
6015584,1,106,13
6015585,1,106,12
6015586,1,674,12
6015587,1,674,11
6015588,1,674,10
6015589,1,60,11
6015590,1,11,3
6015591,1,11,4
6015592,1,11,5
6015593,1,60,8
6015594,1,60,7
6015595,1,60,3
6015596,1,60,2
6015597,1,60,12
6015598,1,60,9
6015599,1,60,10
6015600,1,5,2
6015601,1,5,3
6015602,1,5,4
6015603,1,5,5
6015604,1,5,7
6015605,1,60,1
6015606,1,60,4
6015607,1,60,5
6015608,1,5,1
6015609,1,11,1
6015610,1,11,2
6015611,1,106,1
6015612,1,106,4
6015613,1,106,3
6015614,1,106,7
6015615,1,106,6
6015616,1,106,8
6015617,1,106,2
6015618,1,106,5
6015619,1,106,10
6015620,1,106,9
6015621,1,106,11
6015622,1,11,5
6015623,1,40,2
6015624,1,40,1
6015625,1,40,4
6015626,1,40,3
6015627,1,40,5
6015628,1,40,6
6015629,1,40,8
6015630,1,40,7
6015631,1,40,10
6015632,1,40,9
6015633,1,60,9
6015634,1,5,6
6015635,1,5,13
6015636,1,5,10
6015637,1,5,9
6015638,1,5,8
6015639,1,40,12
6015640,1,40,17
6015641,1,40,15
6015642,1,40,13
6015643,1,40,11
6015644,1,40,14
6015645,1,106,13
6015646,1,11,4
6015647,1,11,3
6015648,1,5,11
6015649,1,5,12
6015650,1,40,16
6015651,1,674,2
6015652,1,674,1
6015653,1,674,3
6015654,1,674,4
6015655,1,674,6
6015656,1,674,7
6015657,1,674,8
6015658,1,675,1
6015659,1,675,2
6015660,1,675,3
6015661,1,675,4
6015662,1,675,5
6015663,1,675,6
6015664,1,675,7
6015665,1,675,8
6015666,1,675,9
6015667,1,675,10
6015668,1,675,11
6015669,1,675,12
6015670,1,675,14
6015671,1,675,13
6015672,1,675,21
6015673,1,675,20
6015674,1,675,19
6015675,1,675,18
6015676,1,675,17
6015677,1,675,16
6015678,1,675,15
6015679,1,675,22
6015680,1,674,14
6015681,1,674,13
6015682,1,674,12
6015683,1,674,11
6015684,1,674,10
6015685,1,674,5
6015686,1,674,9
6015687,1,106,12
6015688,1,60,11
6015689,1,60,2
6015690,1,60,3
6015691,1,60,6
6015692,1,60,7
6015693,1,60,8
6015694,1,60,10
6015695,1,5,7
6015696,1,5,2
6015697,1,5,4
6015698,1,5,10
6015699,1,5,9
6015700,1,5,3
6015701,1,5,6
6015702,1,5,11
6015703,1,21,1
6015704,1,56,2
6015705,1,74,1
6015706,1,21,7
6015707,1,56,1
6015708,1,74,2
6015709,1,21,2
6015710,1,57,4
6015711,1,74,4
6015712,1,57,2
6015713,1,56,4
6015714,1,56,6
6015715,1,56,5
6015716,1,57,1
6015717,1,21,4
6015718,1,21,8
6015719,1,21,3
6015720,1,56,3
6015721,1,57,3
6015722,1,55,1
6015723,1,55,5
6015724,1,21,9
6015725,1,21,6
6015726,1,106,1
6015727,1,106,3
6015728,1,106,8
6015729,1,106,10
6015730,1,106,12
6015731,1,106,2
6015732,1,106,5
6015733,1,106,13
6015734,1,106,11
6015735,1,106,6
6015736,1,106,4
6015737,1,106,7
6015738,1,106,14
6015739,1,5,1
6015740,1,60,2
6015741,1,60,3
6015742,1,60,5
6015743,1,60,6
6015744,1,60,7
6015745,1,60,8
6015746,1,60,9
6015747,1,60,10
6015748,1,60,12
6015749,1,60,14
6015750,1,60,16
6015751,1,60,13
6015752,1,5,19
6015753,1,60,15
6015754,1,11,2
6015755,1,11,1
6015756,1,5,22
6015757,1,5,21
6015758,1,55,4
6015759,1,309,1
6015760,1,309,2
6015761,1,309,3
6015762,1,309,4
6015763,1,309,6
6015764,1,309,7
6015765,1,309,8
6015766,1,55,3
6015767,1,21,5
6015768,1,57,5
6015769,1,57,6
6015770,1,5,14
6015771,1,5,12
6015772,1,309,5
6015773,1,40,1
6015774,1,40,3
6015775,1,40,27
6015776,1,40,2
6015777,1,40,17
6015778,1,40,6
6015779,1,40,4
6015780,1,40,8
6015781,1,40,5
6015782,1,40,11
6015783,1,40,7
6015784,1,40,10
6015785,1,40,15
6015786,1,40,9
6015787,1,55,6
6015788,1,40,14
6015789,1,40,18
6015790,1,40,13
6015791,1,40,19
6015792,1,60,11
6015793,1,11,4
6015794,1,74,3
6015795,1,74,5
6015796,1,74,6
6015797,1,74,7
6015798,1,74,9
6015799,1,74,10
6015800,1,74,11
6015801,1,74,12
6015802,1,74,13
6015803,1,74,14
6015804,1,74,15
6015805,1,74,8
6015806,1,5,18
6015807,1,55,2
6015808,1,56,7
6015809,1,55,7
6015810,1,5,8
6015811,1,5,5
6015812,1,5,23
6015813,1,5,15
6015814,1,5,13
6015815,1,40,36
6015816,1,40,32
6015817,1,11,5
6015818,1,11,7
6015819,1,11,3
6015820,1,11,6
6015821,1,5,20
6015822,1,40,35
6015823,1,40,34
6015824,1,40,33
6015825,1,40,31
6015826,1,5,16
6015827,1,21,10
6015828,1,675,4
6015829,1,675,2
6015830,1,675,1
6015831,1,675,6
6015832,1,675,10
6015833,1,675,14
6015834,1,675,19
6015835,1,675,24
6015836,1,675,13
6015837,1,675,22
6015838,1,675,15
6015839,1,675,12
6015840,1,675,16
6015841,1,675,7
6015842,1,675,3
6015843,1,675,25
6015844,1,675,28
6015845,1,675,42
6015846,1,674,10
6015847,1,674,28
6015848,1,675,5
6015849,1,675,9
6015850,1,674,11
6015851,1,674,16
6015852,1,674,15
6015853,1,674,1
6015854,1,674,2
6015855,1,674,3
6015856,1,674,4
6015857,1,674,5
6015858,1,674,6
6015859,1,674,7
6015860,1,674,8
6015861,1,674,9
6015862,1,675,11
6015863,1,674,12
6015864,1,674,14
6015865,1,675,17
6015866,1,675,23
6015867,1,674,17
6015868,1,675,26
6015869,1,675,27
6015870,1,674,21
6015871,1,674,22
6015872,1,674,23
6015873,1,674,24
6015874,1,675,35
6015875,1,675,39
6015876,1,675,41
6015877,1,675,29
6015878,1,675,20
6015879,1,675,18
6015880,1,675,40
6015881,1,675,8
6015882,1,675,21
6015883,1,675,38
6015884,1,675,30
6015885,1,675,45
6015886,1,675,46
6015887,1,675,36
6015888,1,675,44
6015889,1,675,33
6015890,1,675,37
6015891,1,675,31
6015892,1,106,18
6015893,1,106,16
6015894,1,675,43
6015895,1,675,32
6015896,1,675,34
6015897,1,674,20
6015898,1,674,25
6015899,1,674,26
6015900,1,674,27
6015901,1,674,13
6015902,1,674,18
6015903,1,60,17
6015904,1,106,9
6015905,1,106,15
6015906,1,674,19
6015907,1,40,25
6015908,1,40,20
6015909,1,40,12
6015910,1,40,23
6015911,1,40,37
6015912,1,40,38
6015913,1,40,29
6015914,1,40,28
6015915,1,40,22
6015916,1,40,30
6015917,1,106,17
6015918,1,40,26
6015919,1,40,16
6015920,1,40,21
6015921,1,40,24
6015922,1,5,17
6015923,1,60,4
6015924,1,60,1
6018444,1,903,1
6018445,1,903,2
6018447,1,906,1
6018448,1,906,2
6018449,1,917,1
6018450,1,930,1
6018451,1,930,2
6018452,1,930,3
6018453,1,975,1
6018454,1,975,2
6018455,1,973,1
6018456,1,907,1
6018457,1,773,1
6018458,1,775,1
6018459,1,629,1
6018460,1,629,2
6018461,1,204,2
6018462,1,204,1
6018463,1,204,3
6018464,1,224,1
6018465,1,635,1
6018466,1,635,2
6018467,1,627,1
6018468,1,635,3
6018469,1,903,1
6018470,1,903,2
6018471,1,903,3
6018472,1,903,4
6018473,1,903,6
6018474,1,903,5
6018476,1,906,2
6018477,1,906,1
6018478,1,906,5
6018479,1,906,8
6018480,1,906,3
6018481,1,906,6
6018482,1,906,7
6018483,1,906,4
6018484,1,914,1
6018485,1,914,2
6018486,1,914,3
6018487,1,915,2
6018488,1,915,1
6018489,1,915,3
6018490,1,915,4
6018491,1,915,5
6018492,1,917,1
6018493,1,917,2
6018494,1,773,2
6018495,1,775,2
6018496,1,973,2
6018497,1,907,2
6018498,1,631,1
6018499,1,631,2
6018500,1,915,1
6018501,1,906,1
6018502,1,906,2
6018503,1,903,2
6018504,1,903,1
6018505,1,635,1
6018507,1,914,1
6018508,1,914,2
6018509,1,917,1
6026764,1,301,1
6026765,1,373,2
6026766,1,301,5
6026767,1,301,6
6026768,1,301,8
6026769,1,301,9
6026770,1,301,10
6026771,1,304,1
6026772,1,304,2
6026773,1,304,4
6026774,1,304,5
6026775,1,304,6
6026776,1,304,7
6026777,1,330,1
6026778,1,331,1
6026779,1,331,2
6026780,1,331,3
6026781,1,331,4
6026782,1,331,6
6026783,1,331,7
6026784,1,331,8
6026785,1,331,9
6026786,1,346,1
6026787,1,346,2
6026788,1,346,3
6026789,1,346,4
6026790,1,346,5
6026791,1,346,6
6026792,1,372,1
6026793,1,372,4
6026794,1,372,3
6026795,1,372,5
6026796,1,372,6
6026797,1,372,7
6026798,1,372,9
6026799,1,372,17
6026800,1,372,20
6026801,1,372,21
6026802,1,372,22
6026803,1,372,24
6026804,1,372,25
6026805,1,373,3
6026806,1,73,1
6026807,1,73,2
6026808,1,73,3
6026809,1,373,5
6026810,1,304,3
6026811,1,301,11
6026812,1,65,14
6026813,1,372,27
6026814,1,372,12
6026815,1,372,13
6026816,1,372,15
6026817,1,331,5
6026818,1,373,7
6026819,1,373,6
6026820,1,373,9
6026821,1,373,1
6026822,1,373,8
6026823,1,373,4
6026824,1,372,10
6026825,1,372,11
6026826,1,372,2
6026827,1,41,1
6026828,1,41,2
6026829,1,41,3
6026830,1,41,4
6026831,1,41,5
6026832,1,41,7
6026833,1,41,6
6026834,1,41,8
6026835,1,41,9
6026836,1,41,10
6026837,1,41,31
6026838,1,41,11
6026839,1,41,23
6026840,1,41,12
6026841,1,41,13
6026842,1,41,14
6026843,1,301,12
6026844,1,41,26
6026845,1,41,15
6026846,1,41,25
6026847,1,41,32
6026848,1,41,22
6026849,1,41,21
6026850,1,41,30
6026851,1,41,27
6026852,1,41,19
6026853,1,41,24
6026854,1,41,29
6026855,1,41,28
6026856,1,41,20
6026857,1,346,7
6026858,1,372,8
6026859,1,372,23
6026860,1,41,33
6026861,1,301,4
6026862,1,41,16
6026863,1,41,17
6026864,1,331,10
6026865,1,372,19
6026866,1,41,34
6026867,1,75,1
6026868,1,75,2
6026869,1,75,3
6026870,1,75,6
6026871,1,75,7
6026872,1,75,4
6026873,1,75,5
6026874,1,75,8
6026875,1,75,10
6026876,1,75,9
6026877,1,75,11
6026878,1,75,12
6026879,1,75,13
6026880,1,75,16
6026881,1,75,18
6026882,1,75,14
6026883,1,372,16
6026884,1,372,14
6026885,1,65,1
6026886,1,65,2
6026887,1,65,3
6026888,1,65,4
6026889,1,65,5
6026890,1,65,6
6026891,1,65,7
6026892,1,65,8
6026893,1,65,9
6026894,1,65,10
6026895,1,65,12
6026896,1,65,11
6026897,1,301,3
6026898,1,372,18
6026899,1,301,2
6026900,1,65,13
6026901,1,75,17
6026902,1,301,7
6026903,1,301,13
6026904,1,372,26
6026905,1,75,15
6026906,1,41,18
6026907,1,65,16
6026908,1,65,15
6026909,1,75,4
6026910,1,75,3
6026911,1,75,1
6026912,1,75,2
6026913,1,75,5
6026914,1,75,6
6026915,1,73,1
6026916,1,73,2
6026917,1,73,3
6026918,1,331,1
6026919,1,331,2
6026920,1,331,3
6026921,1,331,4
6026922,1,331,5
6026923,1,331,6
6026924,1,331,8
6026925,1,331,9
6026926,1,346,1
6026927,1,346,2
6026928,1,346,3
6026929,1,346,4
6026930,1,346,5
6026931,1,346,6
6026932,1,372,1
6026933,1,372,2
6026934,1,65,3
6026935,1,65,1
6026936,1,65,2
6026937,1,65,6
6026938,1,331,7
6026939,1,331,10
6026940,1,65,7
6026941,1,65,4
6026942,1,65,5
6026943,1,372,3
6026944,1,65,8
6026945,1,65,11
6026946,1,65,12
6026947,1,41,2
6026948,1,41,1
6026949,1,41,11
6026950,1,41,3
6026951,1,41,12
6026952,1,41,5
6026953,1,41,4
6026954,1,41,6
6026955,1,41,7
6026956,1,41,8
6026957,1,41,9
6026958,1,75,7
6026959,1,41,10
6026960,1,65,10
6026961,1,65,9
6026962,1,75,1
6026963,1,75,2
6026964,1,75,3
6026965,1,75,5
6026966,1,75,6
6026967,1,73,2
6026968,1,331,1
6026969,1,331,3
6026970,1,331,4
6026971,1,331,5
6026972,1,331,7
6026973,1,331,8
6026974,1,331,9
6026975,1,331,10
6026976,1,75,7
6026977,1,331,6
6026978,1,331,2
6026979,1,41,2
6026980,1,41,1
6026981,1,41,3
6026982,1,41,5
6026983,1,41,4
6026984,1,41,6
6026985,1,41,8
6026986,1,41,9
6026987,1,65,2
6026988,1,65,1
6026989,1,65,4
6026990,1,65,3
6026991,1,75,4
6026992,1,65,6
6026993,1,65,7
6026994,1,41,7
6026995,1,65,8
6026996,1,41,11
6026997,1,73,3
6026998,1,65,9
6026999,1,65,5
6027000,1,65,10
6027001,1,73,1
6027002,1,65,11
6027003,1,372,1
6027004,1,372,2
6027005,1,372,3
6027006,1,41,10
6027007,1,65,12
6027009,1,221,1
6027010,1,221,2
6027011,1,221,3
6027012,1,221,4
6027013,1,240,4
6027014,1,240,3
6027015,1,240,2
6027016,1,240,1
6027017,1,245,2
6027018,1,245,3
6027019,1,245,4
6027020,1,245,1
6027021,1,245,5
6027022,1,240,6
6027023,1,221,5
6027024,1,240,5
6027025,1,208,1
6027026,1,225,1
6027027,1,225,2
6027028,1,225,3
6027029,1,250,1
6027030,1,250,2
6027031,1,250,3
6027032,1,250,4
6027033,1,230,1
6027034,1,230,2
6027035,1,230,3
6027036,1,239,1
6027037,1,239,2
6027038,1,239,3
6027039,1,239,4
6027040,1,250,5
6027041,1,226,1
6027042,1,226,2
6027043,1,226,3
6027044,1,271,1
6027045,1,271,2
6027046,1,271,3
6027047,1,271,6
6027048,1,271,4
6027049,1,271,7
6027050,1,271,5
6027051,1,271,2
6027052,1,271,3
6027053,1,271,4
6027054,1,271,5
6027055,1,271,6
6027056,1,271,7
6027057,1,271,1
6027058,1,221,1
6027059,1,245,5
6027060,1,245,4
6027061,1,245,3
6027062,1,245,2
6027063,1,221,2
6027064,1,245,1
6027065,1,226,1
6027066,1,226,2
6027067,1,226,3
6027068,1,240,4
6027069,1,240,2
6027070,1,240,5
6027071,1,240,1
6027072,1,240,3
6027073,1,240,6
6027074,1,225,1
6027075,1,225,2
6027076,1,225,3
6027077,1,250,1
6027078,1,250,2
6027079,1,250,3
6027080,1,250,4
6027081,1,230,1
6027082,1,230,2
6027083,1,230,3
6027084,1,239,1
6027085,1,239,2
6027086,1,239,3
6027087,1,239,4
6027088,1,250,5
6027089,1,221,2
6027090,1,221,3
6027091,1,226,6
6027092,1,221,1
6027093,1,221,6
6027094,1,221,4
6027095,1,226,1
6027096,1,226,2
6027097,1,226,3
6027098,1,226,4
6027099,1,226,5
6027100,1,226,10
6027101,1,226,7
6027102,1,226,8
6027103,1,226,9
6027104,1,239,1
6027105,1,239,2
6027106,1,239,3
6027107,1,239,4
6027108,1,230,4
6027109,1,230,5
6027110,1,230,6
6027111,1,230,8
6027112,1,230,1
6027113,1,230,2
6027114,1,230,3
6027115,1,230,7
6027116,1,230,9
6027117,1,208,1
6027118,1,221,5
6027119,1,225,1
6027120,1,225,2
6027121,1,225,3
6027122,1,225,4
6027123,1,225,5
6027124,1,225,6
6027125,1,225,7
6027126,1,225,8
6027127,1,225,9
6027128,1,250,1
6027129,1,250,2
6027130,1,250,3
6027131,1,250,4
6027132,1,250,5
6027133,1,250,6
6027134,1,250,7
6027135,1,250,8
6027136,1,250,9
6027137,1,250,10
6027138,1,250,11
6027139,1,250,12
6027140,1,240,1
6027141,1,240,2
6027142,1,240,3
6027143,1,240,4
6027144,1,240,5
6027145,1,240,6
6027146,1,240,7
6027147,1,240,8
6027148,1,240,9
6027149,1,240,10
6027150,1,240,11
6027151,1,240,12
6027152,1,271,1
6027153,1,271,2
6027154,1,271,3
6027155,1,269,1
6027156,1,245,1
6027157,1,271,4
6027158,1,245,2
6027159,1,269,2
6027160,1,269,3
6027161,1,245,3
6027162,1,271,5
6027163,1,245,4
6027164,1,271,6
6027165,1,269,4
6027166,1,271,7
6027167,1,245,5
6027168,1,245,6
6027169,1,271,8
6027170,1,245,7
6027171,1,245,8
6027172,1,271,9
6027173,1,271,10
6027174,1,271,11
6027175,1,245,9
6027176,1,269,5
6027177,1,271,12
6027178,1,271,13
6027179,1,245,10
6027180,1,269,6
6027181,1,245,11
6027182,1,245,12
6027183,1,245,13
6027184,1,271,15
6027185,1,271,16
6027186,1,271,17
6027187,1,245,14
6027188,1,271,18
6027189,1,271,14
6027190,1,257,8
6027191,1,257,5
6027192,1,218,5
6027193,1,218,6
6027194,1,218,7
6027195,1,218,8
6027196,1,218,10
6027197,1,257,1
6027198,1,257,3
6027199,1,311,2
6027200,1,311,1
6027201,1,311,3
6027202,1,311,6
6027203,1,311,8
6027204,1,311,9
6027205,1,311,10
6027206,1,311,4
6027207,1,218,4
6027208,1,218,1
6027209,1,218,2
6027210,1,672,1
6027211,1,672,2
6027212,1,672,3
6027213,1,672,4
6027214,1,672,6
6027215,1,672,7
6027216,1,672,9
6027217,1,672,11
6027218,1,672,12
6027219,1,672,14
6027220,1,672,15
6027221,1,672,13
6027222,1,672,16
6027223,1,672,17
6027224,1,672,18
6027225,1,311,7
6027226,1,672,10
6027227,1,672,5
6027228,1,672,8
6027229,1,311,11
6027230,1,257,7
6027231,1,212,1
6027232,1,212,2
6027233,1,212,3
6027234,1,212,4
6027235,1,212,6
6027236,1,212,7
6027237,1,212,8
6027238,1,212,9
6027239,1,212,10
6027240,1,212,11
6027241,1,257,2
6027242,1,218,9
6027243,1,257,4
6027244,1,311,5
6027245,1,311,14
6027246,1,311,12
6027247,1,311,13
6027248,1,311,15
6027249,1,255,1
6027250,1,255,2
6027251,1,255,3
6027252,1,255,4
6027253,1,255,5
6027254,1,255,6
6027255,1,255,7
6027256,1,255,8
6027257,1,255,9
6027258,1,271,22
6027259,1,255,10
6027260,1,255,11
6027261,1,255,12
6027262,1,255,13
6027263,1,255,14
6027264,1,255,15
6027265,1,255,16
6027266,1,255,17
6027267,1,255,18
6027268,1,255,19
6027269,1,255,20
6027270,1,255,21
6027271,1,255,23
6027272,1,255,24
6027273,1,257,9
6027274,1,255,22
6027275,1,271,20
6027276,1,271,21
6027277,1,271,23
6027278,1,271,24
6027279,1,271,25
6027280,1,271,26
6027281,1,271,27
6027282,1,212,5
6027283,1,218,3
6027284,1,257,6
6027285,1,522,1
6027286,1,522,2
6027287,1,522,3
6027288,1,522,4
6027289,1,522,5
6027290,1,522,6
6027291,1,522,7
6027292,1,522,8
6027293,1,522,9
6027294,1,522,10
6027295,1,522,11
6027296,1,522,12
6027297,1,522,13
6027298,1,522,14
6027299,1,522,15
6027300,1,522,16
6027301,1,522,17
6027302,1,522,18
6027303,1,522,21
6027304,1,522,22
6027305,1,522,23
6027306,1,542,1
6027307,1,542,2
6027308,1,542,3
6027309,1,542,4
6027310,1,542,5
6027311,1,542,6
6027312,1,542,7
6027313,1,542,8
6027314,1,542,9
6027315,1,545,1
6027316,1,545,2
6027317,1,545,3
6027318,1,545,4
6027319,1,545,5
6027320,1,545,6
6027321,1,545,7
6027322,1,545,8
6027323,1,545,9
6027324,1,545,10
6027325,1,545,11
6027326,1,545,12
6027327,1,545,13
6027328,1,545,14
6027329,1,545,15
6027330,1,545,18
6027331,1,545,16
6027332,1,545,17
6027333,1,545,19
6027334,1,545,21
6027335,1,545,20
6027336,1,545,22
6027337,1,545,23
6027338,1,545,24
6027339,1,545,25
6027340,1,545,26
6027341,1,545,28
6027342,1,545,29
6027343,1,545,31
6027344,1,550,1
6027345,1,550,2
6027346,1,550,3
6027347,1,550,4
6027348,1,550,5
6027349,1,550,6
6027350,1,550,7
6027351,1,550,8
6027352,1,550,9
6027353,1,550,10
6027354,1,550,12
6027355,1,550,13
6027356,1,550,14
6027357,1,550,16
6027358,1,550,17
6027359,1,550,18
6027360,1,550,19
6027361,1,550,20
6027362,1,550,21
6027363,1,550,22
6027364,1,554,12
6027365,1,550,23
6027366,1,554,1
6027367,1,554,2
6027368,1,554,3
6027369,1,554,4
6027370,1,554,5
6027371,1,554,6
6027372,1,554,7
6027373,1,554,8
6027374,1,554,9
6027375,1,554,10
6027376,1,554,11
6027377,1,522,20
6027378,1,554,13
6027379,1,554,14
6027380,1,545,27
6027381,1,545,30
6027382,1,545,32
6027383,1,522,19
6027384,1,522,24
6027385,1,550,11
6027386,1,550,15
6027387,1,672,1
6027388,1,672,2
6027389,1,672,3
6027390,1,672,4
6027391,1,672,5
6027392,1,672,6
6027393,1,672,7
6027394,1,522,1
6027395,1,522,2
6027396,1,522,3
6027397,1,522,4
6027398,1,522,5
6027399,1,522,6
6027400,1,522,7
6027401,1,542,1
6027402,1,542,2
6027403,1,542,4
6027404,1,545,1
6027405,1,545,2
6027406,1,545,3
6027407,1,545,4
6027408,1,545,5
6027409,1,545,6
6027410,1,550,1
6027411,1,550,2
6027412,1,550,3
6027413,1,550,4
6027414,1,550,5
6027415,1,554,1
6027416,1,554,2
6027417,1,554,3
6027418,1,554,4
6027419,1,554,5
6027420,1,542,3
6027421,1,255,1
6027422,1,255,2
6027423,1,255,3
6027424,1,255,4
6027425,1,255,5
6027426,1,255,6
6027427,1,255,7
6027428,1,255,8
6027429,1,255,9
6027430,1,255,10
6027431,1,672,1
6027432,1,672,2
6027433,1,672,3
6027434,1,672,4
6027435,1,672,5
6027436,1,672,6
6027437,1,672,8
6027438,1,672,7
6027439,1,522,1
6027440,1,522,2
6027441,1,522,3
6027442,1,522,4
6027443,1,522,5
6027444,1,522,6
6027445,1,522,7
6027446,1,542,1
6027447,1,542,2
6027448,1,542,4
6027449,1,545,1
6027450,1,545,2
6027451,1,545,3
6027452,1,545,4
6027453,1,545,5
6027454,1,545,6
6027455,1,545,7
6027456,1,550,1
6027457,1,550,2
6027458,1,550,3
6027459,1,550,4
6027460,1,550,5
6027461,1,550,6
6027462,1,550,7
6027463,1,550,8
6027464,1,550,9
6027465,1,554,1
6027466,1,554,2
6027467,1,554,3
6027468,1,554,4
6027469,1,554,5
6027470,1,542,3
6027471,1,255,1
6027472,1,255,3
6027473,1,255,2
6027474,1,255,4
6027475,1,255,5
6027476,1,255,6
6027477,1,255,7
6027478,1,255,8
6027479,1,255,9
6027480,1,255,10
6027482,1,26,1
6027483,1,28,11
6027484,1,28,2
6027485,1,28,1
6027486,1,28,24
6027487,1,28,3
6027488,1,26,2
6027489,1,28,4
6027490,1,28,30
6027491,1,28,6
6027492,1,26,4
6027493,1,28,7
6027494,1,28,10
6027495,1,26,6
6027496,1,26,5
6027497,1,28,12
6027498,1,26,8
6027499,1,28,26
6027500,1,26,10
6027501,1,26,14
6027502,1,28,14
6027503,1,28,25
6027504,1,26,15
6027505,1,28,27
6027506,1,28,20
6027507,1,28,21
6027508,1,64,7
6027509,1,64,4
6027510,1,64,3
6027511,1,64,1
6027512,1,64,2
6027513,1,28,29
6027514,1,124,2
6027515,1,124,3
6027516,1,124,5
6027517,1,124,15
6027518,1,124,21
6027519,1,124,20
6027520,1,303,1
6027521,1,303,2
6027522,1,303,3
6027523,1,303,4
6027524,1,303,6
6027525,1,303,9
6027526,1,303,11
6027527,1,303,10
6027528,1,26,12
6027529,1,124,16
6027530,1,303,14
6027531,1,26,7
6027532,1,28,17
6027533,1,26,11
6027534,1,28,28
6027535,1,124,23
6027536,1,303,12
6027537,1,28,16
6027538,1,125,2
6027539,1,125,1
6027540,1,125,3
6027541,1,125,4
6027542,1,125,5
6027543,1,26,13
6027544,1,28,23
6027545,1,28,22
6027546,1,28,9
6027547,1,125,7
6027548,1,125,6
6027549,1,45,8
6027550,1,45,2
6027551,1,45,3
6027552,1,45,9
6027553,1,45,12
6027554,1,45,6
6027555,1,45,4
6027556,1,45,13
6027557,1,45,5
6027558,1,45,14
6027559,1,45,10
6027560,1,45,7
6027561,1,45,16
6027562,1,45,1
6027563,1,45,11
6027564,1,45,20
6027565,1,45,17
6027566,1,45,21
6027567,1,45,15
6027568,1,124,13
6027569,1,124,9
6027570,1,124,10
6027571,1,124,7
6027572,1,303,5
6027573,1,124,24
6027574,1,124,17
6027575,1,124,6
6027576,1,124,22
6027577,1,27,7
6027578,1,27,5
6027579,1,27,2
6027580,1,27,1
6027581,1,27,6
6027582,1,27,4
6027583,1,28,5
6027584,1,124,14
6027585,1,27,3
6027586,1,303,13
6027587,1,124,1
6027588,1,124,8
6027589,1,124,4
6027590,1,124,12
6027591,1,45,18
6027592,1,26,16
6027593,1,28,18
6027594,1,28,31
6027595,1,28,19
6027596,1,124,11
6027597,1,64,8
6027598,1,303,8
6027599,1,64,5
6027600,1,303,7
6027601,1,28,15
6027602,1,48,5
6027603,1,48,14
6027604,1,48,15
6027605,1,48,10
6027606,1,48,6
6027607,1,48,11
6027608,1,48,9
6027609,1,48,12
6027610,1,48,4
6027611,1,48,8
6027612,1,48,13
6027613,1,48,2
6027614,1,48,1
6027615,1,48,3
6027616,1,48,7
6027617,1,124,19
6027618,1,64,6
6027619,1,128,1
6027620,1,128,2
6027621,1,128,3
6027622,1,128,4
6027623,1,128,5
6027624,1,128,6
6027625,1,128,7
6027626,1,128,8
6027627,1,128,9
6027628,1,128,10
6027629,1,128,17
6027630,1,128,14
6027631,1,128,15
6027632,1,128,19
6027633,1,128,13
6027634,1,128,11
6027635,1,128,21
6027636,1,128,18
6027637,1,128,16
6027638,1,128,20
6027639,1,128,12
6027640,1,28,8
6027641,1,28,13
6027642,1,26,9
6027643,1,26,3
6027644,1,45,19
6027645,1,8,1
6027646,1,8,2
6027647,1,8,12
6027648,1,8,3
6027649,1,8,4
6027650,1,8,5
6027651,1,8,14
6027652,1,8,6
6027653,1,8,7
6027654,1,8,8
6027655,1,8,9
6027656,1,8,10
6027657,1,8,11
6027658,1,8,13
6027659,1,62,1
6027660,1,62,2
6027661,1,62,3
6027662,1,62,4
6027663,1,62,5
6027664,1,62,6
6027665,1,62,7
6027666,1,62,8
6027667,1,62,9
6027668,1,62,10
6027669,1,62,11
6027670,1,62,12
6027671,1,62,13
6027672,1,62,14
6027673,1,62,17
6027674,1,62,16
6027675,1,62,15
6027676,1,62,18
6027677,1,62,19
6027678,1,62,20
6027679,1,62,23
6027680,1,62,22
6027681,1,62,24
6027682,1,62,21
6027683,1,124,18
6027685,1,124,4
6027686,1,124,7
6027687,1,28,7
6027688,1,28,1
6027689,1,28,2
6027690,1,26,2
6027691,1,26,5
6027692,1,28,6
6027693,1,28,5
6027694,1,26,1
6027695,1,28,4
6027696,1,26,6
6027697,1,26,4
6027698,1,26,3
6027699,1,28,3
6027700,1,26,7
6027701,1,8,1
6027702,1,8,2
6027703,1,8,3
6027704,1,8,4
6027705,1,8,5
6027706,1,8,6
6027707,1,8,7
6027708,1,62,1
6027709,1,62,2
6027710,1,62,3
6027711,1,62,4
6027712,1,62,6
6027713,1,62,5
6027714,1,62,7
6027715,1,62,9
6027716,1,62,8
6027717,1,62,10
6027718,1,62,11
6027719,1,26,8
6027720,1,8,10
6027721,1,26,13
6027722,1,26,14
6027723,1,26,9
6027724,1,26,10
6027725,1,26,15
6027726,1,26,12
6027727,1,26,11
6027728,1,125,1
6027729,1,125,2
6027730,1,28,8
6027731,1,8,8
6027732,1,8,9
6027733,1,128,9
6027734,1,128,10
6027735,1,128,11
6027736,1,128,4
6027737,1,128,7
6027738,1,128,6
6027739,1,128,12
6027740,1,128,8
6027741,1,45,1
6027742,1,45,2
6027743,1,45,3
6027744,1,45,4
6027745,1,45,5
6027746,1,45,6
6027747,1,45,7
6027748,1,45,8
6027749,1,128,1
6027750,1,128,2
6027751,1,128,3
6027752,1,128,5
6027753,1,124,1
6027754,1,124,2
6027755,1,124,5
6027756,1,48,7
6027757,1,48,3
6027758,1,48,1
6027759,1,48,2
6027760,1,48,4
6027761,1,48,6
6027762,1,48,5
6027763,1,27,1
6027764,1,27,2
6027765,1,27,3
6027766,1,27,4
6027767,1,27,5
6027768,1,124,6
6027769,1,124,3
6027771,1,124,1
6027772,1,124,3
6027773,1,124,2
6027774,1,124,6
6027775,1,124,4
6027776,1,124,5
6027777,1,48,6
6027778,1,48,7
6027779,1,28,6
6027780,1,28,7
6027781,1,28,5
6027782,1,28,4
6027783,1,28,2
6027784,1,28,1
6027785,1,28,3
6027786,1,26,6
6027787,1,26,7
6027788,1,26,5
6027789,1,26,4
6027790,1,26,3
6027791,1,26,2
6027792,1,26,1
6027793,1,62,1
6027794,1,62,2
6027795,1,62,3
6027796,1,62,4
6027797,1,62,5
6027798,1,62,6
6027799,1,62,8
6027800,1,62,10
6027801,1,26,8
6027802,1,8,1
6027803,1,8,3
6027804,1,8,4
6027805,1,8,5
6027806,1,8,6
6027807,1,8,7
6027808,1,26,10
6027809,1,26,9
6027810,1,28,8
6027811,1,28,9
6027812,1,26,12
6027813,1,26,11
6027814,1,8,2
6027815,1,48,1
6027816,1,48,3
6027817,1,48,4
6027818,1,62,7
6027819,1,62,9
6027820,1,62,11
6027821,1,48,2
6027822,1,48,5
6027823,1,128,8
6027824,1,128,12
6027825,1,128,11
6027826,1,128,10
6027827,1,128,9
6027828,1,128,7
6027829,1,128,6
6027830,1,128,4
6027831,1,45,2
6027832,1,45,1
6027833,1,45,3
6027834,1,45,4
6027835,1,45,5
6027836,1,45,6
6027837,1,128,1
6027838,1,128,3
6027839,1,128,2
6027840,1,128,5
6027841,1,27,2
6027842,1,27,1
6027843,1,27,3
6027844,1,124,7
6027846,1,96,1
6027847,1,96,2
6027848,1,96,3
6027849,1,96,1
6027850,1,96,6
6027851,1,96,2
6027852,1,96,3
6027853,1,96,5
6027854,1,96,4
6027855,1,96,1
6027856,1,96,3
6027857,1,96,2
6027858,1,96,4
6027860,1,98,1
6027861,1,98,2
6027862,1,98,3
6027863,1,98,1
6027864,1,98,2
6027865,1,98,1
6027866,1,98,2
6027868,1,7,1
6027869,1,7,2
6027870,1,7,3
6027871,1,7,4
6027872,1,7,5
6027873,1,7,6
6027874,1,7,7
6027875,1,7,8
6027876,1,7,9
6027877,1,7,11
6027878,1,7,10
6027879,1,7,12
6027880,1,7,13
6027881,1,7,14
6027882,1,7,15
6027883,1,7,16
6027884,1,7,17
6027885,1,7,18
6027886,1,7,19
6027887,1,36,1
6027888,1,36,2
6027889,1,36,3
6027890,1,36,4
6027891,1,36,5
6027892,1,36,6
6027893,1,36,10
6027894,1,36,11
6027895,1,10,1
6027896,1,10,2
6027897,1,36,7
6027898,1,36,8
6027899,1,36,9
6027900,1,70,1
6027901,1,70,2
6027902,1,70,3
6027903,1,70,4
6027904,1,70,5
6027905,1,70,6
6027906,1,70,7
6027907,1,673,1
6027908,1,673,2
6027909,1,673,3
6027910,1,673,4
6027911,1,673,5
6027912,1,673,6
6027913,1,673,7
6027914,1,673,8
6027915,1,673,9
6027916,1,673,10
6027917,1,673,11
6027918,1,673,12
6027919,1,673,13
6027920,1,1,1
6027921,1,1,2
6027922,1,1,3
6027923,1,1,4
6027924,1,1,5
6027925,1,3,4
6027926,1,3,8
6027927,1,44,1
6027928,1,44,7
6027929,1,44,2
6027930,1,44,3
6027931,1,44,4
6027932,1,44,6
6027933,1,44,5
6027934,1,120,3
6027935,1,120,5
6027936,1,120,1
6027937,1,120,2
6027938,1,120,4
6027939,1,120,6
6027940,1,120,8
6027941,1,120,7
6027942,1,120,9
6027943,1,120,10
6027944,1,120,11
6027945,1,120,13
6027946,1,120,12
6027947,1,120,14
6027948,1,120,15
6027949,1,120,16
6027950,1,3,7
6027951,1,2,8
6027952,1,2,4
6027953,1,2,5
6027954,1,2,7
6027955,1,2,9
6027956,1,2,6
6027957,1,2,3
6027958,1,2,1
6027959,1,2,2
6027960,1,3,1
6027961,1,3,2
6027962,1,3,3
6027963,1,3,5
6027964,1,3,6
6027965,1,10,3
6027966,1,10,4
6027967,1,673,15
6027968,1,673,14
6027969,1,12,1
6027970,1,12,2
6027971,1,36,1
6027972,1,36,2
6027973,1,36,3
6027974,1,36,6
6027975,1,36,8
6027976,1,36,9
6027977,1,36,10
6027978,1,36,11
6027979,1,36,12
6027980,1,36,13
6027981,1,36,14
6027982,1,36,17
6027983,1,36,19
6027984,1,36,21
6027985,1,36,23
6027986,1,36,4
6027987,1,36,7
6027988,1,36,20
6027989,1,36,15
6027990,1,36,16
6027991,1,36,22
6027992,1,2,3
6027993,1,2,2
6027994,1,2,4
6027995,1,2,5
6027996,1,2,6
6027997,1,2,7
6027998,1,2,8
6027999,1,2,10
6028000,1,2,9
6028001,1,2,11
6028002,1,2,13
6028003,1,2,15
6028004,1,2,17
6028005,1,2,19
6028006,1,2,12
6028007,1,2,16
6028008,1,70,2
6028009,1,70,1
6028010,1,36,18
6028011,1,36,5
6028012,1,44,9
6028013,1,44,12
6028014,1,44,1
6028015,1,44,3
6028016,1,44,5
6028017,1,44,10
6028018,1,44,14
6028019,1,44,15
6028020,1,44,18
6028021,1,44,19
6028022,1,44,20
6028023,1,7,34
6028024,1,7,33
6028025,1,7,23
6028026,1,7,25
6028027,1,7,24
6028028,1,7,21
6028029,1,7,22
6028030,1,7,18
6028031,1,7,19
6028032,1,7,20
6028033,1,7,15
6028034,1,7,13
6028035,1,7,14
6028036,1,7,12
6028037,1,7,11
6028038,1,7,10
6028039,1,7,9
6028040,1,7,6
6028041,1,7,7
6028042,1,7,4
6028043,1,7,3
6028044,1,7,2
6028045,1,7,5
6028046,1,7,16
6028047,1,7,1
6028048,1,2,20
6028049,1,70,3
6028050,1,70,4
6028051,1,70,6
6028052,1,70,7
6028053,1,70,8
6028054,1,70,9
6028055,1,70,10
6028056,1,70,5
6028057,1,70,17
6028058,1,70,19
6028059,1,70,11
6028060,1,70,14
6028061,1,70,15
6028062,1,70,16
6028063,1,2,14
6028064,1,2,18
6028065,1,2,1
6028066,1,3,1
6028067,1,3,2
6028068,1,3,3
6028069,1,3,7
6028070,1,3,19
6028071,1,3,9
6028072,1,3,11
6028073,1,3,14
6028074,1,3,16
6028075,1,3,17
6028076,1,3,20
6028077,1,3,21
6028078,1,3,22
6028079,1,1,1
6028080,1,1,2
6028081,1,1,3
6028082,1,1,4
6028083,1,1,5
6028084,1,1,6
6028085,1,1,7
6028086,1,1,9
6028087,1,1,8
6028088,1,1,11
6028089,1,673,48
6028090,1,673,1
6028091,1,673,2
6028092,1,673,3
6028093,1,673,4
6028094,1,673,5
6028095,1,673,6
6028096,1,673,7
6028097,1,673,8
6028098,1,673,9
6028099,1,673,10
6028100,1,673,13
6028101,1,673,14
6028102,1,673,15
6028103,1,673,16
6028104,1,673,17
6028105,1,673,18
6028106,1,673,20
6028107,1,673,21
6028108,1,673,22
6028109,1,673,23
6028110,1,673,24
6028111,1,673,26
6028112,1,673,27
6028113,1,673,29
6028114,1,673,30
6028115,1,673,33
6028116,1,673,34
6028117,1,673,35
6028118,1,673,36
6028119,1,673,39
6028120,1,673,40
6028121,1,673,41
6028122,1,673,42
6028123,1,673,44
6028124,1,673,45
6028125,1,673,46
6028126,1,673,47
6028127,1,673,12
6028128,1,673,28
6028129,1,673,37
6028130,1,1,10
6028131,1,44,11
6028132,1,44,13
6028133,1,673,31
6028134,1,70,12
6028135,1,70,13
6028136,1,70,18
6028137,1,3,12
6028138,1,3,6
6028139,1,10,1
6028140,1,10,2
6028141,1,10,3
6028142,1,10,4
6028143,1,10,5
6028144,1,10,6
6028145,1,10,7
6028146,1,10,8
6028147,1,10,9
6028148,1,10,10
6028149,1,3,18
6028150,1,44,16
6028151,1,44,6
6028152,1,673,11
6028153,1,673,43
6028154,1,673,38
6028155,1,673,25
6028156,1,673,19
6028157,1,3,15
6028158,1,120,1
6028159,1,120,2
6028160,1,120,3
6028161,1,120,12
6028162,1,120,4
6028163,1,120,5
6028164,1,120,17
6028165,1,120,6
6028166,1,120,19
6028167,1,120,7
6028168,1,120,8
6028169,1,120,9
6028170,1,120,11
6028171,1,120,13
6028172,1,120,14
6028173,1,120,16
6028174,1,120,18
6028175,1,120,20
6028176,1,120,21
6028177,1,120,22
6028178,1,120,23
6028179,1,120,25
6028180,1,120,26
6028181,1,120,27
6028182,1,120,28
6028183,1,120,29
6028184,1,120,24
6028185,1,120,30
6028186,1,120,31
6028187,1,120,10
6028188,1,120,15
6028189,1,3,4
6028190,1,3,5
6028191,1,3,13
6028192,1,7,30
6028193,1,3,8
6028194,1,3,10
6028195,1,7,26
6028196,1,7,27
6028197,1,7,28
6028198,1,44,17
6028199,1,44,2
6028200,1,44,4
6028201,1,44,7
6028202,1,44,8
6028203,1,7,8
6028204,1,7,29
6028205,1,7,31
6028206,1,7,17
6028207,1,7,32
6028208,1,673,32
6028209,1,12,1
6028210,1,12,2
6028211,1,12,3
6028212,1,12,4
6028213,1,12,5
6028214,1,12,6
6028215,1,12,7
6028216,1,12,8
6028217,1,12,9
6028218,1,12,10
6028219,1,7,1
6028220,1,7,2
6028221,1,7,3
6028222,1,7,4
6028223,1,7,5
6028224,1,7,7
6028225,1,7,6
6028226,1,7,8
6028227,1,7,12
6028228,1,7,9
6028229,1,7,10
6028230,1,7,13
6028231,1,7,14
6028232,1,7,15
6028233,1,7,16
6028234,1,7,17
6028235,1,7,18
6028236,1,7,19
6028237,1,36,1
6028238,1,36,2
6028239,1,36,3
6028240,1,36,4
6028241,1,36,5
6028242,1,36,6
6028243,1,36,7
6028244,1,1,1
6028245,1,1,2
6028246,1,1,3
6028247,1,1,4
6028248,1,2,1
6028249,1,2,2
6028250,1,2,3
6028251,1,2,4
6028252,1,3,1
6028253,1,3,2
6028254,1,3,3
6028255,1,3,4
6028256,1,3,5
6028257,1,3,6
6028258,1,3,7
6028259,1,3,8
6028260,1,3,9
6028261,1,70,1
6028262,1,70,2
6028263,1,70,3
6028264,1,70,4
6028265,1,70,5
6028266,1,70,8
6028267,1,70,6
6028268,1,70,7
6028269,1,673,1
6028270,1,673,2
6028271,1,673,3
6028272,1,673,4
6028273,1,673,5
6028274,1,673,6
6028275,1,673,7
6028276,1,673,8
6028277,1,673,9
6028278,1,673,10
6028279,1,673,11
6028280,1,673,12
6028281,1,44,1
6028282,1,44,2
6028283,1,44,3
6028284,1,44,4
6028285,1,44,5
6028286,1,44,6
6028287,1,44,7
6028288,1,673,13
6028289,1,10,1
6028290,1,10,2
6028291,1,7,11
6028292,1,120,3
6028293,1,120,1
6028294,1,120,2
6028295,1,120,4
6028296,1,120,5
6028297,1,120,6
6028298,1,120,7
6028299,1,120,8
6028300,1,120,9
6028301,1,120,11
6028302,1,120,12
6028303,1,120,10
6028304,1,120,13
6028305,1,120,14
6028306,1,120,15
6028307,1,120,16
6028308,1,120,18
6028309,1,120,17
6028310,1,10,3
6028311,1,10,4
6028312,1,36,9
6028313,1,36,8
6028314,1,12,1
6028315,1,12,2
6028701,1,111,3
6028702,1,183,3
6028703,1,182,2
6028704,1,111,6
6028705,1,183,1
6028706,1,111,14
6028707,1,111,11
6028708,1,111,13
6028709,1,182,1
6028710,1,111,10
6028711,1,183,5
6028712,1,111,1
6028713,1,183,6
6028714,1,183,4
6028715,1,111,4
6028716,1,111,7
6028717,1,111,9
6028718,1,182,5
6028719,1,182,3
6028720,1,671,7
6028721,1,671,6
6028722,1,671,5
6028723,1,671,4
6028724,1,671,3
6028725,1,671,2
6028726,1,671,1
6028727,1,193,12
6028728,1,193,11
6028729,1,183,9
6028730,1,193,9
6028731,1,193,6
6028732,1,193,5
6028733,1,193,4
6028734,1,193,3
6028735,1,193,1
6028736,1,111,12
6028737,1,181,3
6028738,1,181,6
6028739,1,181,7
6028740,1,111,5
6028741,1,193,7
6028742,1,671,8
6028743,1,671,11
6028744,1,107,1
6028745,1,107,2
6028746,1,107,4
6028747,1,107,3
6028748,1,107,5
6028749,1,107,6
6028750,1,107,7
6028751,1,107,8
6028752,1,107,9
6028753,1,107,10
6028754,1,107,11
6028755,1,107,14
6028756,1,107,15
6028757,1,107,16
6028758,1,107,17
6028759,1,156,1
6028760,1,156,2
6028761,1,156,3
6028762,1,156,5
6028763,1,183,2
6028764,1,183,7
6028765,1,156,4
6028766,1,181,5
6028767,1,181,10
6028768,1,181,1
6028769,1,111,2
6028770,1,111,8
6028771,1,182,6
6028772,1,119,22
6028773,1,119,31
6028774,1,119,21
6028775,1,119,32
6028776,1,111,15
6028777,1,107,12
6028778,1,107,13
6028779,1,671,10
6028780,1,671,9
6028781,1,181,4
6028782,1,181,2
6028783,1,181,9
6028784,1,101,2
6028785,1,101,1
6028786,1,101,3
6028787,1,101,4
6028788,1,150,2
6028789,1,150,1
6028790,1,150,17
6028791,1,101,5
6028792,1,150,3
6028793,1,101,6
6028794,1,101,8
6028795,1,101,7
6028796,1,150,4
6028797,1,150,5
6028798,1,101,20
6028799,1,101,9
6028800,1,102,1
6028801,1,150,6
6028802,1,150,8
6028803,1,101,10
6028804,1,150,9
6028805,1,150,7
6028806,1,150,10
6028807,1,101,11
6028808,1,150,11
6028809,1,101,12
6028810,1,102,3
6028811,1,102,2
6028812,1,101,17
6028813,1,150,18
6028814,1,101,13
6028815,1,165,1
6028816,1,165,2
6028817,1,161,3
6028818,1,165,4
6028819,1,165,5
6028820,1,165,6
6028821,1,165,7
6028822,1,165,8
6028823,1,165,12
6028824,1,165,3
6028825,1,182,4
6028826,1,181,8
6028827,1,105,3
6028828,1,105,5
6028829,1,105,2
6028830,1,105,6
6028831,1,105,1
6028832,1,105,4
6028833,1,184,3
6028834,1,184,4
6028835,1,50,2
6028836,1,50,3
6028837,1,50,4
6028838,1,50,5
6028839,1,50,6
6028840,1,50,7
6028841,1,162,1
6028842,1,162,2
6028843,1,162,3
6028844,1,162,4
6028845,1,162,5
6028846,1,162,6
6028847,1,162,7
6028848,1,162,8
6028849,1,162,16
6028850,1,162,9
6028851,1,162,10
6028852,1,162,11
6028853,1,162,12
6028854,1,162,13
6028855,1,162,14
6028856,1,162,15
6028857,1,111,16
6028858,1,671,12
6028859,1,165,10
6028860,1,165,11
6028861,1,118,2
6028862,1,118,1
6028863,1,161,1
6028864,1,161,2
6028865,1,161,4
6028866,1,161,5
6028867,1,161,16
6028868,1,161,6
6028869,1,161,17
6028870,1,161,7
6028871,1,161,14
6028872,1,161,8
6028873,1,161,9
6028874,1,161,10
6028875,1,161,11
6028876,1,161,19
6028877,1,160,2
6028878,1,160,3
6028879,1,160,4
6028880,1,160,5
6028881,1,160,6
6028882,1,160,7
6028883,1,160,14
6028884,1,160,8
6028885,1,160,9
6028886,1,160,10
6028887,1,160,11
6028888,1,160,12
6028889,1,160,13
6028890,1,184,2
6028891,1,160,1
6028892,1,184,1
6028893,1,50,8
6028894,1,50,9
6028895,1,161,18
6028896,1,161,15
6028897,1,101,19
6028898,1,101,18
6028899,1,161,12
6028900,1,165,9
6028901,1,183,8
6028902,1,181,11
6028903,1,161,13
6028904,1,676,1
6028905,1,676,2
6028906,1,676,3
6028907,1,676,4
6028908,1,676,5
6028909,1,676,6
6028910,1,676,7
6028911,1,676,8
6028912,1,676,9
6028913,1,676,10
6028914,1,676,11
6028915,1,676,12
6028916,1,676,13
6028917,1,676,14
6028918,1,676,15
6028919,1,676,16
6028920,1,676,17
6028921,1,676,18
6028922,1,50,1
6028923,1,50,11
6028924,1,50,13
6028925,1,50,12
6028926,1,50,10
6028927,1,193,8
6028928,1,193,2
6028929,1,193,10
6028930,1,101,15
6028931,1,102,5
6028932,1,150,12
6028933,1,101,14
6028934,1,101,16
6028935,1,102,4
6028936,1,150,15
6028937,1,150,13
6028938,1,150,16
6028939,1,150,14
6028940,1,150,20
6028941,1,156,6
6028942,1,156,7
6028943,1,156,8
6028944,1,150,19
6028945,1,105,1
6028946,1,105,2
6028947,1,107,1
6028948,1,107,2
6028949,1,107,3
6028950,1,107,4
6028951,1,107,5
6028952,1,107,6
6028953,1,118,1
6028954,1,156,1
6028955,1,156,2
6028956,1,181,1
6028957,1,181,2
6028958,1,181,3
6028959,1,181,4
6028960,1,181,5
6028961,1,182,2
6028962,1,182,1
6028963,1,50,3
6028964,1,50,5
6028965,1,50,1
6028966,1,50,2
6028967,1,50,4
6028968,1,50,6
6028969,1,150,1
6028970,1,150,2
6028971,1,101,1
6028972,1,150,3
6028973,1,101,2
6028974,1,150,5
6028975,1,101,3
6028976,1,101,4
6028977,1,183,2
6028978,1,118,2
6028979,1,183,3
6028980,1,183,1
6028981,1,184,2
6028982,1,160,1
6028983,1,160,2
6028984,1,160,3
6028985,1,160,4
6028986,1,160,5
6028987,1,671,1
6028988,1,671,2
6028989,1,671,3
6028990,1,671,4
6028991,1,671,5
6028992,1,671,6
6028993,1,671,7
6028994,1,671,8
6028995,1,671,9
6028996,1,671,12
6028997,1,671,14
6028998,1,671,15
6028999,1,671,16
6029000,1,671,11
6029001,1,671,10
6029002,1,161,6
6029003,1,161,4
6029004,1,161,2
6029005,1,161,3
6029006,1,161,5
6029007,1,184,1
6029008,1,165,2
6029009,1,165,1
6029010,1,165,3
6029011,1,165,5
6029012,1,165,4
6029013,1,165,6
6029014,1,161,10
6029015,1,160,6
6029016,1,161,7
6029017,1,165,7
6029018,1,165,9
6029019,1,161,9
6029020,1,676,1
6029021,1,676,2
6029022,1,676,3
6029023,1,676,4
6029024,1,676,5
6029025,1,676,6
6029026,1,676,7
6029027,1,676,8
6029028,1,676,9
6029029,1,150,6
6029030,1,150,7
6029031,1,150,8
6029032,1,150,9
6029033,1,150,10
6029034,1,150,11
6029035,1,101,5
6029036,1,161,1
6029037,1,150,4
6029038,1,150,12
6029039,1,105,3
6029040,1,161,8
6029041,1,676,10
6029042,1,165,8
6029043,1,165,10
6029044,1,101,6
6029045,1,671,13
6029046,1,107,7
6029047,1,107,1
6029048,1,107,2
6029049,1,107,3
6029050,1,107,4
6029051,1,107,5
6029052,1,107,6
6029053,1,107,7
6029054,1,50,1
6029055,1,50,2
6029056,1,105,2
6029057,1,156,1
6029058,1,156,2
6029059,1,182,1
6029060,1,182,2
6029061,1,181,1
6029062,1,181,2
6029063,1,181,4
6029064,1,181,3
6029065,1,181,5
6029066,1,671,1
6029067,1,671,2
6029068,1,671,3
6029069,1,671,4
6029070,1,671,5
6029071,1,671,6
6029072,1,671,7
6029073,1,671,8
6029074,1,50,4
6029075,1,50,3
6029076,1,50,5
6029077,1,150,1
6029078,1,150,2
6029079,1,150,7
6029080,1,150,3
6029081,1,150,4
6029082,1,150,5
6029083,1,101,1
6029084,1,101,2
6029085,1,150,6
6029086,1,150,8
6029087,1,101,3
6029088,1,150,9
6029089,1,150,10
6029090,1,150,11
6029091,1,101,5
6029092,1,101,6
6029093,1,118,1
6029094,1,105,1
6029095,1,118,2
6029096,1,165,3
6029097,1,165,1
6029098,1,165,2
6029099,1,184,1
6029100,1,184,2
6029101,1,160,1
6029102,1,160,2
6029103,1,160,3
6029104,1,160,4
6029105,1,160,5
6029106,1,671,12
6029107,1,671,11
6029108,1,671,10
6029109,1,671,9
6029110,1,671,15
6029111,1,671,14
6029112,1,671,13
6029113,1,161,2
6029114,1,161,3
6029115,1,161,5
6029116,1,161,4
6029117,1,161,7
6029118,1,161,6
6029119,1,165,4
6029120,1,160,6
6029121,1,160,8
6029122,1,676,1
6029123,1,676,2
6029124,1,676,3
6029125,1,676,4
6029126,1,676,5
6029127,1,676,6
6029128,1,676,7
6029129,1,676,8
6029130,1,676,9
6029131,1,161,1
6029132,1,165,5
6029133,1,101,4
6029134,1,160,7
6034971,1,36,31
6034972,1,36,32
6034973,1,36,30
6034974,1,7,30
6034975,1,36,30
6034976,1,7,31
6034977,1,36,31
6034978,1,7,30
6034979,1,7,31
6037657,1,674,30
6037658,1,674,31
6037857,1,675,35
6037858,1,675,36
6037859,1,674,30
6037860,1,674,31
6037861,1,675,35
6037862,1,675,36
6037863,1,60,30
6037864,1,675,55
6037957,1,160,30
6037958,1,160,31
6038057,1,131,50
6038058,1,132,50
6038059,1,128,50
6038166,1,181,30
6038167,1,160,30
6038168,1,160,31
6038281,1,160,30
6038282,1,160,31
